90327648225464
1782749995629
8443830359506
52035343443856
89504159797286
101507972632310
50936935927822
51682448932508
8443830359506
52035343443856
89504159797286
101507972632310
90327648225464
1782749995629
52035343443856
52035343443856
89504159797286
62615136050072
90327648225464
81476607175124
95059763437155
980343213318
3559532414095
84953718190117
25085389052830
81476607175124
744822129601
980343213318
105335693994361
95059763437155
83429805939265
62615136050072
51682448932508
33211025434841
33211025434841
108748092421332
25085389052830
10777510519991
49043508076685
34428623980714
10777510519991
3559532414095
62615136050072
69365548709588
62615136050072
3849716515560
54881417539085
744822129601
17582274671156
17582274671156
62615136050072
69365548709588
90874913857124
86949274089077
52035343443856
40408855731887
6137435147044
54881417539085
84953718190117
81476607175124
62615136050072
3559532414095
105335693994361
108748092421332
33211025434841
62615136050072
744822129601
33211025434841
33211025434841
108748092421332
25085389052830
10777510519991
49043508076685
34428623980714
10777510519991
3559532414095
61379356383457
62615136050072
41949854812017
81476607175124
108748092421332
3559532414095
34428623980714
62615136050072
95059763437155
84953718190117
110741213549786
81476607175124
62615136050072
84953718190117
41949854812017
10777510519991
62615136050072
108748092421332
49043508076685
980343213318
17582274671156
34428623980714
49043508076685
34428623980714
10777510519991
3559532414095
744822129601
3559532414095
108748092421332
84953718190117
10777510519991
62615136050072
84953718190117
21171864870900
62615136050072
3559532414095
105335693994361
34428623980714
62615136050072
47006162604556
1782749995629
51682448932508
6137435147044
6137435147044
24471414947655
81476607175124
95059763437155
980343213318
3559532414095
84953718190117
33211025434841
95059763437155
33211025434841
3559532414095
34428623980714
49043508076685
62615136050072
108748092421332
10777510519991
62615136050072
744822129601
62615136050072
980343213318
81476607175124
84953718190117
25085389052830
81476607175124
744822129601
49043508076685
49043508076685
108748092421332
10777510519991
25085389052830
62615136050072
17582274671156
744822129601
10777510519991
25085389052830
110741213549786
744822129601
25085389052830
34428623980714
62615136050072
84953718190117
21171864870900
62615136050072
95059763437155
84953718190117
110741213549786
81476607175124
62615136050072
24471414947655
105335693994361
84953718190117
108748092421332
24471414947655
34428623980714
83429805939265
6137435147044
51682448932508
17582274671156
17582274671156
84953718190117
41949854812017
62615136050072
3559532414095
105335693994361
34428623980714
62615136050072
110741213549786
33211025434841
34428623980714
81476607175124
62615136050072
3559532414095
84953718190117
62615136050072
24471414947655
105335693994361
84953718190117
84953718190117
33211025434841
34428623980714
62615136050072
3559532414095
105335693994361
34428623980714
62615136050072
47457844344236
108748092421332
3559532414095
100438622036633
17582274671156
34428623980714
10777510519991
25085389052830
3559532414095
105335693994361
62615136050072
21171864870900
84953718190117
81476607175124
62615136050072
3559532414095
105335693994361
34428623980714
108748092421332
81476607175124
62615136050072
980343213318
81476607175124
108748092421332
49043508076685
34428623980714
62615136050072
10777510519991
110741213549786
49043508076685
47457844344236
34428623980714
81476607175124
33211025434841
83429805939265
6137435147044
6137435147044
110761992956226
84953718190117
110741213549786
81476607175124
62615136050072
24471414947655
81476607175124
95059763437155
980343213318
3559532414095
84953718190117
33211025434841
95059763437155
33211025434841
3559532414095
34428623980714
49043508076685
62615136050072
33211025434841
105335693994361
84953718190117
110741213549786
17582274671156
23868887503192
62615136050072
34428623980714
10777510519991
24471414947655
81476607175124
95059763437155
980343213318
3559532414095
62615136050072
84953718190117
10777510519991
17582274671156
95059763437155
62615136050072
33211025434841
108748092421332
10777510519991
25085389052830
17582274671156
34428623980714
62615136050072
51682448932508
1782749995629
90327648225464
37090170611366
37090170611366
62615136050072
24471414947655
105335693994361
744822129601
81476607175124
744822129601
24471414947655
3559532414095
34428623980714
81476607175124
33211025434841
62615136050072
21171864870900
81476607175124
84953718190117
49043508076685
62615136050072
3559532414095
34428623980714
106499432581181
3559532414095
62615136050072
21171864870900
108748092421332
17582274671156
34428623980714
33211025434841
6137435147044
6137435147044
41949854812017
108748092421332
3559532414095
105335693994361
84953718190117
110741213549786
3559532414095
62615136050072
33211025434841
744822129601
17582274671156
3559532414095
108748092421332
10777510519991
25085389052830
83429805939265
6137435147044
58342955093401
105335693994361
34428623980714
62615136050072
24471414947655
108748092421332
980343213318
105335693994361
34428623980714
81476607175124
3559532414095
34428623980714
106499432581181
3559532414095
62615136050072
33211025434841
105335693994361
84953718190117
110741213549786
17582274671156
23868887503192
62615136050072
47457844344236
34428623980714
62615136050072
744822129601
10777510519991
62615136050072
51682448932508
1782749995629
90327648225464
37090170611366
37090170611366
62615136050072
21171864870900
108748092421332
17582274671156
34428623980714
62615136050072
3559532414095
105335693994361
744822129601
3559532414095
62615136050072
108748092421332
33211025434841
62615136050072
744822129601
62615136050072
33211025434841
34428623980714
81466805774693
110741213549786
34428623980714
10777510519991
24471414947655
34428623980714
62615136050072
84953718190117
21171864870900
62615136050072
10777510519991
110741213549786
49043508076685
47457844344236
34428623980714
81476607175124
33211025434841
62615136050072
33211025434841
34428623980714
980343213318
744822129601
81476607175124
744822129601
3559532414095
34428623980714
23868887503192
62615136050072
47457844344236
95059763437155
62615136050072
10777510519991
34428623980714
41949854812017
17582274671156
108748092421332
10777510519991
34428623980714
33211025434841
83429805939265
62615136050072
6137435147044
54881417539085
84953718190117
81476607175124
62615136050072
3559532414095
105335693994361
34428623980714
62615136050072
33211025434841
110741213549786
47457844344236
49043508076685
108748092421332
33211025434841
33211025434841
108748092421332
84953718190117
10777510519991
61379356383457
62615136050072
33211025434841
34428623980714
10777510519991
23868887503192
62615136050072
3559532414095
105335693994361
108748092421332
33211025434841
62615136050072
3559532414095
34428623980714
106499432581181
3559532414095
62615136050072
21171864870900
108748092421332
17582274671156
34428623980714
62615136050072
47457844344236
744822129601
24471414947655
47376768653235
62615136050072
17667348448601
108748092421332
744822129601
62615136050072
34428623980714
49043508076685
744822129601
108748092421332
17582274671156
62615136050072
34428623980714
10777510519991
24471414947655
81476607175124
95059763437155
980343213318
3559532414095
34428623980714
23868887503192
6137435147044
6137435147044
110741213549786
33211025434841
108748092421332
10777510519991
25085389052830
62615136050072
95059763437155
84953718190117
110741213549786
81476607175124
62615136050072
84953718190117
41949854812017
10777510519991
62615136050072
33211025434841
34428623980714
980343213318
744822129601
81476607175124
744822129601
3559532414095
34428623980714
62615136050072
47006162604556
1782749995629
51682448932508
62615136050072
47376768653235
34428623980714
95059763437155
33211025434841
83429805939265
6137435147044
6137435147044
37090170611366
10777510519991
62615136050072
3559532414095
105335693994361
34428623980714
62615136050072
34428623980714
49043508076685
744822129601
108748092421332
17582274671156
61379356383457
62615136050072
33211025434841
980343213318
34428623980714
24471414947655
108748092421332
21171864870900
95059763437155
62615136050072
3559532414095
105335693994361
34428623980714
62615136050072
47006162604556
1782749995629
51682448932508
62615136050072
49043508076685
84953718190117
23868887503192
110741213549786
17582274671156
110741213549786
33211025434841
62615136050072
744822129601
10777510519991
23868887503192
62615136050072
3559532414095
105335693994361
34428623980714
62615136050072
33211025434841
34428623980714
24471414947655
81476607175124
34428623980714
3559532414095
62615136050072
34428623980714
106499432581181
980343213318
84953718190117
10777510519991
34428623980714
10777510519991
3559532414095
62615136050072
81476607175124
34428623980714
81466805774693
110741213549786
108748092421332
81476607175124
34428623980714
23868887503192
62615136050072
6137435147044
3559532414095
84953718190117
62615136050072
23868887503192
34428623980714
24471414947655
81476607175124
95059763437155
980343213318
3559532414095
62615136050072
3559532414095
105335693994361
34428623980714
62615136050072
21171864870900
108748092421332
17582274671156
34428623980714
62615136050072
33211025434841
84953718190117
62615136050072
37090170611366
62615136050072
24471414947655
744822129601
10777510519991
62615136050072
23868887503192
34428623980714
24471414947655
81476607175124
95059763437155
980343213318
3559532414095
62615136050072
108748092421332
3559532414095
62615136050072
980343213318
81476607175124
84953718190117
980343213318
34428623980714
81476607175124
17582274671156
95059763437155
83429805939265
6137435147044
6137435147044
51682448932508
33211025434841
62615136050072
744822129601
62615136050072
47457844344236
84953718190117
10777510519991
110741213549786
33211025434841
61379356383457
62615136050072
21171864870900
108748092421332
10777510519991
23868887503192
62615136050072
3559532414095
105335693994361
34428623980714
62615136050072
47457844344236
34428623980714
33211025434841
3559532414095
62615136050072
47376768653235
10777510519991
84953718190117
41949854812017
10777510519991
62615136050072
21171864870900
744822129601
24471414947655
3559532414095
84953718190117
81476607175124
108748092421332
10777510519991
25085389052830
62615136050072
744822129601
17582274671156
25085389052830
84953718190117
81476607175124
108748092421332
3559532414095
105335693994361
49043508076685
62615136050072
744822129601
10777510519991
23868887503192
62615136050072
81476607175124
34428623980714
980343213318
84953718190117
81476607175124
3559532414095
62615136050072
105335693994361
84953718190117
41949854812017
62615136050072
108748092421332
3559532414095
62615136050072
980343213318
34428623980714
81476607175124
21171864870900
84953718190117
81476607175124
49043508076685
33211025434841
62615136050072
6137435147044
108748092421332
10777510519991
62615136050072
24471414947655
81476607175124
744822129601
24471414947655
47376768653235
108748092421332
10777510519991
25085389052830
62615136050072
3559532414095
105335693994361
108748092421332
33211025434841
62615136050072
744822129601
33211025434841
33211025434841
108748092421332
25085389052830
10777510519991
49043508076685
34428623980714
10777510519991
3559532414095
83429805939265
6137435147044
6137435147044
