42965739142834411984808623182735083298 68558081929946152424601535347593532698 181188475968815888696620130100111300456 184886551174768745883790696489945565934
205871716335847451968440922569128308150 196416588967802490311491470736430593743 62987347711579068997198862645199976073 204791167651800385891319801537633711961
46670513687485324691162841338127533372 97055444939175463663870727831106572491 120015503259939752413646876561106262044 87423959514918258105732062772181761041
158712897907808120087739317644299392476 54720024724520149265377300227428756683 55074774322364522487812606729090915361 209631573489600521396212270953408792661
108702919627071888733762563374498765512 130183144128101862401639726009045767960 165382666675828172136298593148294693891 56824573740545263788721389797446886701
176519627241142600796255718878083649079 18070995162836794923938852043156331059 3639228706673533227597202612665352394 106323770137688981241151307885251453854
61594646588047654285172320799052344631 128637650616234724454512322392186015976 119186980620342988638918271790543750688 88263266010474851908268931451500966652
81004821059856329008910049637551697310 7548830389477062476875421623308401602 77687688140672658266139956707818048260 106209150320091925005620410881129028924
201691037948824070563826333510820154179 30809319086431450448843319186631274711 42243803643685744273326853783940663563 120477540340605951862889115776777205865
21950101443765848397914651370559609388 107456116811801478519871699754116181558 38755906806842027981853916411097049378 9806306060980117797119429706040406780
204662773635331170212348146724173013216 36712363356218948031297234167442500654 88305182897197025869323147930841921345 207757150257385904224121033501648020754
98303583743548619761397565938790889413 39190048922016489986741594666009579294 135092242309764132642902001553186460088 169503684605955418028531235569285226830
48700821000349255791327818439806287407 38875919716276232177904762330533614842 97025680775801532128506314684547311507 88904669495575465962528074570607011500
76214628157000166845977291876296173750 53117686200405356189085964809246196937 154305315910286198979405214468945431207 3977549352077120649676979104278203610
176895928768877518261999066872298750508 173614129338073680840902093857517037196 77570930135415159321579267358713248936 26224540053988914336097004640714580203
21366465069532611997925923158341442208 88435121452726378868967602465782688540 76356777662941415830354865152030725431 151272689134346845299907641107106706287
202344667036983100616545782348520815780 15543878269553239620567415455161973416 138556020781526148407660020914094518787 61566232693775296906932061566243962160
111909861173188162634656145237987379682 143260744945953510106825767826704268230 159361850820182845334508664855747835354 135896362399068743386784355300273786642
184143437493385651313861005521101129610 74582355579701787894613348328666389597 172735337016555072868938772076660010577 13614538923486596899566645346241523333
50345372731977424871932523232174553732 127845174070335943354254401718548588435 26237465498914295027114958022153043375 100626242463320291356802284458056293528
92398323272442536377982555281027978569 180713808737396905555898939734923152470 55019504616304551494588660388764564324 170984057928941758756884027908307873618
27030221446947339486270229732248450437 27465808126864269696768182989611871132 150896038755555257548757588896504006001 188350669090992304824952847961037991743
181011378679288663332511777357051401659 1507246449367528003310814196350627270 131815055025086484694106980434332533956 165937455012998358005321722283816516783
111892796990834823910218695868795624602 42983000752914971293143046122114198301 58014479142614191000390657736120728781 48211957087765346095386804297956433682
96018091215062333611696956151908941562 185136187358455162586511437576197450242 93155862060092194269634385227043973952 1421957183533607929053046182821993478
180855098999039322638386840985371105268 105862631179908525535004146224311863168 105013920472639654368420490267818243767 120858878324925119221315644506869927357
76951831054264358419894165391898240473 124731550584678517881674108931353748721 170759801347265293528714542792552794282 207765444932312968365928384258342966234
61243620715552943675169950870953507224 13008219835414312330125326173102469934 46084209443863691335523198614563103365 97629929745027943561972967936429953490
109073126834323373960310189855134092729 181004313210546623972287755866860542433 99886508892055612437658333888417944903 95154278738598790146962233121455816857
90527332134992638954765110426288677666 32381215814358166723148181914767603006 5866799715617775288679532894504324042 64942732344892123470606548399273900767
114231245570081334092611386067411767053 208663552205200667302837694293797118767 131313100308785452528111180746193885006 55880940285535836862852670649133702796
37061129880743910351992820742955646481 30181247053747313917270400368066796078 111055784333233076957318580746881303132 18301417261061340270312536589816151757
91653466401151753309511571124347801805 100156699080780412177552411865972793336 159590804560016896486677196442393035260 40836553364006576038130407816513321877
10345695253857850141700472490318441067 25833838363727836641451868395002938000 8402244607311543206042607739284460266 52550596433648002688775974559296953266
105602700535795559428656312691546362292 208557016999400133851463053703044922436 3885754823285809509192969342052408720 176037516990837539980727991126290374342
96029465501924783918953675876481475747 94526620377373269823542418377421047059 144783134061353641268533535553023475396 76830685400618319706800097955577121588
8831093017182582192984231128923793940 2568787266348312095514125342559887790 136880296697900444141932440227830143838 72829219584363760317986561700418947136
47591546186936535884451686480400234147 42715347408459672068989657083201077761 186537190641881286969548122707874718041 166118782121513876632039235499235988272
41439506917521561543756909525327856790 60756849472132568298721491202044269998 114563843525706242027007404317283000052 50409337352765523023177612622723729035
51052661720659668017673367965715209150 54802820669994325487969404668141560317 88792590468115549330094540140072573547 33515621694448820326888501212144756808
161959994895714688391101175417344284582 114947862210407319666152379238257259885 149938780748996014059101577846199076659 149436336144109791628925531402267995167
181542476454372740534077132127209953814 202062738942201888462476532192785968718 160844210382071252687119198719981127332 29156778133013228861940971189804275099
117297323196882713977529400309061224042 154876458852488053626273030129165484696 162034254993770298474184677855223937075 14658600847350764189669502521909224568
206961986435886437899624478514509083935 53619344437891070952575823044582402583 137523616639275451081262960243177157548 201514504365317700474996219830660452457
151401370847587460395467895275105602249 148480783486711981495915027918731571671 114208556342176710595985549980366818868 50393587895714439814766811556183758304
185808241081458915825071112361191853575 8614604705672868637964215437187124389 111245088494237685315665996207438634573 138899287834288778613441019612743758889
135312425207637841712633695012936747851 109980293494460544981459850088773075862 15332940999467227605774383671327531511 61371717890237657384290405589065749829
103350687254131634694221985977771628148 95944516339081869505477757261828066268 5056416968606972099011930411198462695 84860922180875791542566437678857610674
104493275322317912742578719284037745340 95749386896922862955167274129611306603 71399454128746781851341334133925715806 38632903011440394873149274735642220451
74398193201151520001069013402220588128 20100957790620831775686260071803010406 105146530939437034037280812937614861922 31342468165158448480510295745934456724
125130232076788896149028086690604210508 61317062541490584475056010874978938924 182129223156260316181053525452747815424 137918097242502223147491424009686413836
56304154833372716832915771164696488685 163396013884011660680076450227714390212 124021472571898068058298897113323671764 158970833703309068019139559962478281107
32713174757415824126631844317418120623 184103550297358610979432261387090619575 147656403429670685514528460879345958848 113550346265625347973473852525515942790
48945673808857133206281412175914360514 164281654760632544607686047487126705680 24346681160206405024668745218712773400 103894275442980062943884262752013579682
26228552151527504148753301448294518143 158079947361678154399759856009708943886 117896088729508637903596473094725856692 154969817354052670326320520715186748817
86770885303493741152817033363700581881 123409822141746167411293460137840980134 118759855379724259660687538621228185146 46739922746652756963621904039095987165
81843288670836185303490744512609464517 207582422480821642092303679093651177757 70568245067710917367325925427865590451 105003740116504540301953051564112894938
52194081493516423781500383824158593075 121950654231930845856097017353464163181 121636953199674189730952031470269589031 141117854241637501472097952368684897060
87040861870407667253341987554079351675 155972335136338707114045234190103994749 95414806328798586062708773920507457814 132007161607512209989801413278536872316
139799493382458397769687391842703297037 25708949629296098447336087612381686228 206621464790742855387976739401065205240 56547350185766503946303954129911681374
58065136510167802154194619851140216525 19614764001810917030448624926136455759 90970808851277688480935408640084218423 31105064630367793335207523574312391808
78240376708048464218828366756478731691 181696279339405112698484046621050921590 138042266090540211047618798105073698628 117207821843891087643521124915649032573
162623636894241800218941065398494767259 205140980564728267827037787415597945030 51069963341917629691539832213969907734 164558587220579154097992445865644070392
155781597271437248771676583708219871521 171989177556713641636747412818760391622 175290778037255916030128820021818420016 171185147554532547596073385659445692725
148354374658776639673560907727541849005 184046352383734934679917816610998512041 43027935057201492324277379471866521853 101927348957346547902788926667887807670
146557630202014308868403008442542307659 13996593057232806106684194473942957811 130625427952063505740797468956461485536 208628488550556208554542762842417177675
47335143872252285240250987509279038164 143012813704132220443131103526928507517 155860767088890772544840120205594385334 187833881586013496352925203369046995675
142214520538178436284384016919112291708 121593728559004259834695458142502371140 174698539684919359649299624573030859547 194185555788392099263927532312461238773
86841626788124803784293976830885713037 28487890877122552755438792158195443484 2178315582029790331587263098266703550 101734166075179842099972294220059920176
152816527688513921282400541596120212055 104266673365494503945625310805357620998 163482519231309716979314750213242255367 153339276706652622418848853805005606058
40792972468079443881344439699078598362 93733153882834592296186904630140583846 94659406198667073478123270820988987835 198643850418206424707644950597451730057
9059053410913331721707408510536434708 11344205277576247627717576515820016591 28954010466037046304668665342327994132 107914810950801131206465112699753281941
148885104462981899996391781988288343954 122539551381289049899790966102081052968 92483120406294429594338774359036051972 162491349988874570758802279407940086410
67597222421117248983220415534622566771 204220580934922524166869227750143843341 58789071830310014585106084166410721192 153388543664781232339093095982208983563
124733576142034769339366610447837342577 124747912973225228095993572765079036501 137789411549089662458125482404692901727 168976663768049625819922808331028294211
93041280011250615424773465456932221384 41156377575247226804880329523596245675 175388817646138754480379040864412106860 171335165249928490542376258081857061401
95267567411462472895999661241814691608 145861691660155153790639592811620910307 162258845649467922397956721092717819733 52927739902175698347354885809763771882
116325603830643789998619702177642643927 23420183711079980203941207259254683707 132593244593702350512930996622690750411 41687007669469118524325612723856312350
116038494628375321972111604446421933755 179028766979143745238626061146827732 162997071080416987586585207151523748548 150720983600858826370161620791932573216
58270762285595827517250455705486883567 9256512950827060961011975381061640503 161279982559236267942510286816187935293 187856632481083330362019376413749842454
97288474334826434715709491959506475891 102844407200139161265563895447741222416 164763695876068081338732530700393795384 90024560628507002088519671273212332050
161808609951573531500778158227452375337 184670223031034751244539259048728716061 34253036938269704240573931028527093525 134954200324331001994751599881160095131
44977967210252217790605847471391089260 206575583956592944657904836182213066313 128518463881974670146142173108967942928 6739510264364470410641483779373745834
188805166232505915333743571680053138137 115015543005514884090785216313034849800 112047092286814769957100555894250549704 4146546488436622396324880993021567051
115357585757412312344871576243137522634 24693831260991094258409962838638794363 62121860115248555630646913040363785047 49222831966648643076317536512218348735
103936180123744792782335666027501112215 61063214945187412421290991789989873096 80026410585604693951013899383647551508 31395889682966527355879086791590657382
190571801695376419500480721824684471289 169482296517766612231781338250148658189 166142750739643139459977778690370341239 13532564073691709274457979931684224259
190410751853051737950879278855670835844 123344138771195726689543522642307120939 23756306978025835275015637986893464125 173789420006551400936159286867866826213
137949640206595806988541048540612103677 70366375020146939252241495728360835116 189214359872017097870741904099266181296 190797175771245323999881352018766774862
195620006818721109206505285418146181646 129946075253201381267600570237118705143 183485678525083630643905656123070596808 104228174011147033062073275958376389341
112476355340064837102701162676666157858 133932916111540928810933531795356472286 49172797754854134748331254833868304162 206552135873873926413969407488436530370
6127501146306282431277259657538913875 163656366207990270417158972953884302340 105651936408646357808865217073493767551 175548298448104180960731253199736263287
186305992693019660119543305854621971186 21629901469641500496007748806356596383 59034198005622020916397296170957513921 9363155817903803497729687205907118039
162816849551965018495610093768932299735 21436462252281918630334228033405706841 79076702006923287046646582748009353476 7495390868287569632288996665577385202
141160135978050607767866017624959480139 148056378477391913944617081274690048418 109192955730644014415026164318018603370 208246260452956125525853741207718513884
23958533980538042606776699163173720820 116298749816111868231299979848331884350 178850839068002742447846189319121108366 97872112750832559475603654044813677820
75533655072585390277449867147544433727 157133028793481844593758693958561817576 112343792119951071142507172367548238175 149444108778392140537712095347679231399
87587559896000289386892740212607258213 109725655625448189293162590515133404690 30041557162570376881824557224715810629 114497639573509079777744237533528274780
75495177645009933431362003388358891230 55926654494889015206315849017509075971 205513376792861805057218584876257738224 154110501268854611084230270491697191817
192638440212221701193997299422131088047 120485869895524269539087420738571208933 66563547318886152853102071102858550094 163848708390498654506021669086608880156
100047766211687388531824372895246405474 150211710911789784831850618900700141612 2492976452337724643423914552512036649 95415321043322336644620418163486208464
202969749069864916446001092164924725684 178430898689860423423786883165163109577 126858349613088630436016876254778241315 62098785843214552843623247126094215185
68060107594329251504157843912643308863 80149752828670540014477214196894299793 193041290575017336477310689787394428976 89347380457071399980213342545094077689
22753355863067225940374153955572675514 189260705025975467736389373666570895223 171207835638398006483921494617370240745 109305117917601881163855470355525139018
191317512228381802629101993227101996079 71997682942364534210827518328889087459 27905536563464497649507498526446337292 177048055001234597518544251878197460408
170412055308918238988153751318917999324 52660345290988280512513974188874589085 78105968950606032121175473163983986950 157293652219599489572758016867281598309
31926648382512629401896435920482983796 100759991889352162811963414122112226416 116792987372299090443731127638233008918 87903527963103431753459731113501646171
142612900298340296159619109006505577601 77863506150358986415367634950004181358 371782495726555395536019559702830424 122776594293112719505111687862198746672
156840060928612126486029561226883264393 17413747980329537869545523210938112894 128186271225672116343098417442605357733 129446017987565141674706908769213978847
194922738084424728920182144004343872872 62388764244515406909464283758306388830 150412087011774460123456683189080134395 40614611512855564168560156211851771992
15611208111507283073435012889737586704 61089060847811959688408794217282006315 109042740459656097429679920050407812485 131235856705320941481296236606764616428
18161371047180270893170093546480857247 134412215569788929163911250539413727767 89376953796041318843111355023981039524 119838133344224567565078729687956198694
34002186213222657902520648083074456337 188430210331093095545473387003999597531 144333614040686247243185774300460537728 80042056108581700849310258755684961589
19038975884471344602131395319937846385 173902569354019601451401837275098499375 13544321860939620091465771826947829342 149689629041871722606551863441524797734
168556399253285067119753998521527036271 15786744025201838253720499645939418449 162566960792006042818109973585451694112 65840282292635249648707893832564653591
9199578992018266836798329555384796510 148315412444506066667928106828116129798 105916147847108043549068843636232390527 133889170009954359375117119843734325110
115913517440545825587316733347493451740 122174214128608984446495351794408086652 108447597775016092926196302398023424762 77110515116328756989855777089913913848
129342035057836632080589165496524417377 207150978325871535156173814428794888700 30840477316789976500899123250053735901 154075670959448502599136684388977480965
37444929683991091138361106368577376229 201546216393730635341232668239023879354 157502485544249144027256497559394530008 194140863295566307248190646438714253757
41294718385766564892179124445751178709 204069788213929926161189283697675559630 74978720666530151122519678799876871272 236836705784300217854155715884199233
47588004859826442322920402239539244049 191932369331090220625838753227961566480 1430825450772720945750958770412692558 144731650704797439678440339959215060602
99968340959919906187657747747749607779 187970441022717971770489224064409789962 158017113478715553710473967394466952745 149733889016220097957540510443781857337
37096117204252703739032282715315854572 56355213444904571531788770435890301625 24914963933156774998789720646116417463 167703835847894295823503369162172580560
104152904943459963933635946178712768214 198256281979760394141912346247568568 44947747876022219068302236955452942094 104540455038392220064772402668648505873
157452219679255481360416954583173894410 169355469469366971066272225038749340558 108644328414270933434452141253795648339 133834072388587394895647278792417782537
612330999330170483352711655664503178 42316092255547957434849324578750422584 9272934103191344534205583521534059215 122501899541599070231293828762900993045
91199249552024556533789192931130519708 24874653761949798196529718316377754683 88014644498770975290057456031770473386 20264411603210387158310804624395140294
120848877941764621791429782587564665201 194997566618844226459245048489115338465 121432340956277508456057723970815670935 209554961340923885977697020155172026550
103502265806807072980220139594440886131 22935886220598812248813284982104297174 60554832478751622820608202090261741086 129522271284154401597694739453848968621
159085274632764634304326842002073085135 59336883704138728708712043786438007467 139892030165714551514129733625472589802 120301969741132394741869506273447666443
121987732011330804803272904123739528516 87308257233442290546095333124826460818 40224898678981602333755721120759760338 189606337570902488256913275735097765245
151711407745570182131759516772485798800 81558823572924662819799869438139954610 129085588072194960905588271451161607584 193307856875426075979448350972458124989
202447855973394021011468317687033192131 139335001686920220794975572655404809115 109283924695684992396927619089057954221 131086349892293137903585042034899447681
11711718796004246046698869837673058297 59363042518055260138286448347647590732 162932464834175835413201911139734483468 201693887309900836260317602764458571735
121599043507625831661259829077456326456 21089531749530767508828639545570200904 117189411935807307465893286155887515100 145873279460749226091345246398452503555
13334246526739841082473237743959966017 3172981095182957114524606633292383249 18043558518345054112061945615029203254 72259141392315460496958620076454955149
113510639610119214622973415284444696819 65352558238016196563891656993973613504 140712583886945643691507100683052590261 184494977167972090995633297477218523243
51741766778619031839772974499572916989 129975943931423285311784614552899108151 142137980730121056419226592396993249387 57717358926223840264475722340030394613
54532781756719994504393064566492505495 148054022616498810187615100389298955135 65014106336111889177556057971515460871 133897725191741879225891334083324948130
140633289702382743979742329845981485314 153062499061482423156386324626115515955 56085940527107195355649527931147863240 167221092672748581130871489561267031712
40276126447448467312902834387529416065 188889908569137956075066491802817318227 71505644718156294166855136365071747425 138824101148585110378722257003676388369
168385227141507120158697172791412992995 110084026749040633832139506380755828769 68963940493578325840974098715210774258 19260130975814798017577154038179079527
65610339476032927627654444414337060749 9926635582707104652611195252181746400 131325713613385326827655201588369249185 12274179387904853029122874670904715114
69839993870696596217817129992773552112 175618007347103585074124547687230732586 112712387671961565681865535557091120223 167311987617883299174318574277775325993
59655233624194416980637771257223388720 74789717936401225563140302632733200569 19054429941182415846278500503793934479 98196983805324094495576880475136857901
104533467780648710616804677661837304175 3678671361214551669752827638519838677 52108478757140888120576209469357497107 98711638133010209180793575998904123720
201630168631273698679660254412042301002 153843046654516095580162757259437095534 150437101205785828528187379380005830543 30265040393959531183804130396054521080
76866450545314284146947873965598325318 120866755355439504531541854643573695002 188008845912016489160165452507400721053 167934492242912275657710851409897579205
131776854055974657538698105268221535688 207233704389536699446701793132846042905 154564883037326504906001382256775910557 134744675799673461466741715815663663088
20690106798997568508389616299331090213 204908603923775156719668132942232989136 88353548278209715052078915920867919344 200980177335942676045816060196892323179
92991978027785898738917765765069693435 59069520485957780599625971065301650373 208011139129583834819700017268666987163 198151159799269349648358676273358814794
105736313836952971600625007852398392178 169385375104277310122641199820019646014 50077808210235842365915775864312645674 113910870905124537384454191050468780326
7719653830396440985736934551968476932 171870831386970431620965199675123316435 191933398814651583163609286928328956297 99906180849046468407679218801222624412
7296164492355787803152199107350811266 91718136071904371113526716716995819709 175044785153674769288146078976339196360 48925300432824120939972933438482817273
131371894926349413799451430942344920479 138095699295299761491477190637656276520 129407094647063544411426676350096797657 130371255119382233341746393596549124564
60716758122425068049536740587962951987 80908664800565033746551780212049462258 157923821539516937878114195475911963877 164614706178160690580641509919227171171
194764071246022492562154540493061729133 99642317318554938485914550672640790023 170866578708333834655700976444305517744 84760612749574081278021498121441994956
26804915850296170772567480676991802535 12144025419352207683311768518621993746 3981241266806076199623277243970669402 150080611618593970512790611185039838595
118855858789229519628245566136661530541 10040531643265578312462650860584740419 146683715728919473127319902460350762102 85317859810843999198517529574902865063
145521123218376089372029239299571295042 180698191251245727947568684006001261562 13077530636454990861656973814878808630 190572144349763437443159386235467018066
181548204782773046878901720590573707206 44439807611952616403993921383681475369 73339079548535184264723389030925829049 46030411313086002032704447044534756472
130439430923986438909112255039051486477 74491542187505512537867094058411757962 122315722847411473424786519852757741026 40674787165626351390510464162829581288
176990647477870707355736103690953475323 103324849229154644724641217722082374187 46114489242763899855838857281529666762 150354995606770449220728922749824931733
8971510053676405037661478537812901416 140095976918496598280570721056045632446 172960898971937257715610099088784821679 71861816639954215317446139678708169489
181823312659843953159789760477048721104 180063831734318967843498858124773620822 208252134093588863839187206508997540428 98490636192074752030323320316162849956
26722565856586880791948590968155572090 101391027664912793612835871346937175834 201484533732944058324706919276979897098 60736474646459141304114337993251450805
68725157539066734821879572058933279700 80977315303462324734236160471012323379 88731233892162221546788108030107084866 160341529345884040937986809055438609997
82261713658324548448851113428024120410 46164308897800550856005585808453242276 85664273558334121367768213927872429435 95668630301435532139999220852672743394
53166507493658471651141004963087468735 180552294345428333078097496465708376141 169465198281486665607694218642071906374 141700809975654502447350674373287355404
182480287533783509678290972168140325017 207589218695721943222246350500218633979 71005036142529316113078037222272281425 190457701824572014641383034594550306574
53400355328313705617298918918281706469 55365060791636210168653351842197882140 196140446494412505462804398406324038963 193039802837306695675653331801579490998
197203897369431934311673573713905135988 78808732768465632728176514711924284771 12655338530103333074273177240421887304 209070777188799530938874796260459787515
9778003146672591385640859461521984893 33900493350596796748084566086165364010 105295977629914192338061515753773420769 75077631977867822477406191709088556521
53461001704013226826846971634208855559 206716892917960473245097589415303212619 178783058284897032983706201817190069037 79393048740177053038250928880115661419
37155677380507491673292219651015447140 136921334530168575085854577136302635898 35468766530157388886639806713261939821 173809583270653948616070041152432898557
129868488762925574446770263118507414990 87741963375385507765948517932225342512 126484255945794238520362708798920579479 19634056422815699793321927779793874277
100726891704100928644911037397055755201 50079091489194337228883546892428356952 59859722823098106060331688866507089563 192619412770657436932585375540271548985
31794377746371278657141501504908674758 74215134556621905404086388443560093106 167930063444293870181816450682197054610 77189772895499712815576553556458904266
69772547906763296128593556596696357062 70428532031590583878967653524476287185 192658352133252235606549764464848800536 29502812244223112820492123903161921
106049963142565288385198417368092308239 15706217967530173725866050826970332260 123400153125088016631325793114833233501 47712296743927786783100816950337138254
35889913999394657570321199759394335310 29450424302387707404058804251601181834 144587964901392560890119264779029234598 206996094500866774878327294076720279677
152443782517967332821433388961235259909 177788625823350937139996920461452369599 203015325871068528107993653254602129936 32976624934106931068135864144163591309
188741500699615945538223763262933018381 2429560847771135289445898700630119769 137542649195190835364031398896121275532 133986482313249550012960181435241793104
72112884992138272053750026332585657435 33746896533521992605183279898747983632 1915403637489772088702893284007012749 201203931843287758607587313144113093962
102344999978768050744055438389646964585 133985999718357692726080274822824265676 14633923541986314478845483451806105984 5013000754468018867367420095468990829
109889715253397901243387958721317800563 196260968591856209296326730134737187013 22783371778898191816566917831705214513 184553552987469403830005815378482129329
58221493633862794650708034626006466058 93032265519126383410424385692016033989 81916183370059818817206450781079681721 160281473504046950684536116737803784756
43448956652971957270661504480066384234 199036350262483525764197179657537130052 119628683052111437996339552123097309409 62445531255744981120481739820211856691
202267029544079075996660867506697335725 52711944724172235894924521958206700925 122979659274635647304333010928197580558 168556258181626719877891305375023485446
27973680344741915527272698950047801487 128888212005424181628521389977313519363 23766516016428457125005452534495925736 1746645687700196682364560010581465051
67553359928715248447138621331117329143 35227662109444817628749070522026309180 75412705003699679010630040289862995438 18814763081211362078040802873530123747
35133302013123845936132626873758748472 23426943714936307389259777296727757376 119413120741368500102417991699437308558 125890153573684773111086194387427507716
56163092176432739590252296136710324433 166825701479691520705432205921392521853 187357441014103127464605361112339614963 72561922724269911471700295294664219344
54920884888549629650359333923386297716 115834410829630897114986636814110478582 194028638159332913736069886790948248655 82935991976356946877093941255864783352
97386704436661789812647048806768700985 30540500949599849636686417719318640012 112377383219168883450368887079396120350 2980393490960053382043204575977904631
89148525615383889789945660633290802605 169729972298676887151432080086507595042 74285646878351409188334345051919891543 2673495572495032911112269454182672370
14546635512208109675034961546441800603 195152605625042010492169763778426294002 208592716304378227116092218905810123142 30212026641869355589957596732686324679
152898851311086627967442837907021191750 164292780482107794053480956737692595260 35136940304726358176249130078090542809 177029750762892243260846384568113015600
118298848228639228982643901385751994607 179750203200754486435164195565572671520 187975013538368661905487369434530335956 175934706298009678742754090532493104407
126350800129556717898747016561366010127 67343224644216094357523614971723850189 171950351047630544426388406070665200963 102042449947176968380240248666405541738
193315055166632282014025917649473084459 62284693149771921684423681687223639058 101592172313083337481948322474331784319 110612317391275736325174984061929396129
193399483006770153233210601996805700110 33499164893140178249386810046890384469 141009956273468716223494375575989862796 205158143553370576174406011291618430211
96739861666987207093857325177844814821 151313515129269517936025150745843975313 96655721993139375280335658707598887554 112678887493038561652371658855247766510
189238183844295500728394699040321543719 176111839834034962300735298850093995731 44815300139628420832228839948586828159 157094918575524916828752267713546863707
51994332339185679200753866079530188979 190252204588079595940179147600039173586 132894483189086727885074829848721786943 129853941096519150308443665324211292492
108779431218722955910426262229765157151 124239318512210949499042842383919089909 133288633290524317730719488874265754466 168265003706833068819761415691481457200
27809213025877779575440166601503838934 117872891513476965744112212239447666852 163070522137051618378775756266222646503 140412375919977784686148895018335711396
126106179936592767640154979257928069079 153250441860893827981732328055534846626 51985219435898019695032352939828813738 50283749492299934535141568275537655895
143409881947238179357804241545255644913 67556085319786518658416011599384885683 174330608696111876123490791793643123670 3926574309269449849414349684000379386
46645401283358542363191654704175950677 72978493716519188745062521777401997906 66367724816525071827152879193469907853 17611145908399423263478556525694004082
194017337980727171046408126022131985542 77343606229773835830141286976426882455 149998718472340410130295374722540084479 101487032039995460141200430181708174419
53148475073598941727642998732163907186 201639970809186679532577344412389210410 186660869873274235292497097856578411418 138721838924057072089900450497776405782
85637351076194825966144307567094092829 180453849054272514111205296596534642551 171184271009379369175318896627865603376 59566599721782679606201071307618270362
170864607577223690535152378967296783456 87204043417779084874464735061296161003 178342870669004964084603907219765909004 148987010861602070688748421855599032905
149222993414245419926803420700941237491 78816694171429667940997024757658487910 14447048040895453501796645589744437598 191884469316596534475203229601274201419
103782755944934447285322988512368328762 156950511931182371091823985724722148483 164512048622056248841669823890081390724 152111839214718873264509802828061422497
191857444225000086952644009428866914710 56731805040034284260004045286015767519 159926534440753480428738254880336412495 82234119183816080694033391276510705162
16552538322036453338372673320250284714 136994023647223424253207795215158718469 165334203919244110737527908881751904616 38935741318020101226036030459850166467
85347255805157467190801701040543721810 152482441307607334783686345097608557152 146804522574210028340330113312514053175 200718424734224092519271489576566368067
23780144184958335636362606108897068239 2845193500034879021757575243848114383 108127656142893773473514016626026526705 80831355852435892316927009214197758879
113475240031481413160527671692782837765 9530621959406845904193594634803393960 20419747400281479142539591674625516111 12799861567186467685776524886180320026
13104924182141195669885072479900129565 63294977407498689570511174949694585633 207491667084426183199231381285020465659 200123913474902826364525283817343064404
139437497148477220797978988924815235315 10596290933897870069104077438076863048 158225019852284179641893470384926121315 112022006736979749299027241742732786025
202756553406374641495456148215638397666 71772974308098400693888677233134970693 90223285269646116157741162953883489216 164903703773502254678741057905638370098
143851075731054189421228214535088825537 30549035994063356248569331001845948719 33740560127550951008948778666392922977 127487728842128766067325845539557761553
5007803041601508532482585268545872119 190268916494716690133455629222988721439 117124062260149021948839016827892245377 29175211898271627973868235231362329134
62872089021674976506649539602522826513 41879583821982658880400928874496653002 93906317835174124592996087025143554789 147527634354617839461064752562979412221
157078089527643587680003251984345954334 148220899134056126930641098957724264295 88023720598743253654630725140275713202 151144584649841874219891085058628124662
75124124641562760955625628981463323101 197297960247871824491951882202700824824 157019850130989989579133386025850698571 127596283162382354632383256613165525193
170494237691862269358175844903865601054 192754570026111654837883650496912124946 194074408440770755393720410588094124475 108439654101562916219566497566259589180
135556667191238746148019914451709419689 170400210452724583140922897434776972871 67627576274245085478123473926888809432 140961323520351848458137291879534438593
48263908005025597540934381529731974943 24170931236759953431806376053714831600 71741722774134016645049436908896963077 27234089965070732179022491416220993262
74458346014577067447438437081868839808 20406231376300272420433590338428032817 16040246330716279191851371883612467780 124083470468503006417520973521369725601
206868917341806609102727350858901207506 25948551158202749645886586282285404144 174499360130151127489718281455517219647 38365920627647799825272297372816247069
197664587358753673623195725668053614176 133781302604193347859989202398599495530 88336288551802092375022933226645168572 119404118079235893349695708125613844321
52846856497521376461787607946076517078 62255224376716128734050150235669929293 167985910336750414695433246695142024684 36208657442907365886361505773858187419
157259770899144358420135187664502706284 112821584084619950700659497653494305099 21956821762818786828072173780826012906 61984308239169951173829199568857684861
192702772250189287384704713757232144911 184488114521024623512712463447234315555 123290483742101646993041986505147589118 187498841683762694713687747692352979298
200467330535447303639123993312607464764 83366945507770788270840962291760395030 28616761393178431826283389347270065239 12630320498513142791903092643156905255
103576784335421310754132637970627510544 168179170408182396106271855227617703187 110435350261557933893458795937526850509 84388076785262374817464391823923195829
101768847108797104038060898855101172823 149139162992246055140410050759425849656 192301176634072439744179068485383590808 87102395934217487895060045459177737750
129002882666022043308109082626511452404 41982406390391906387777676811839391859 69163598391055087445539494630753895725 6350138617259848447577177448923772855
151806885747807443088439673588372736032 159305717852928119970714285641644089924 31080146935563843594228119240920383442 50550146459154237002363729943162275849
207879689839422170134733946416989274357 180381594417388199658015970264041096881 39821992104473416974625786883972721771 27371065692087169525441047552577203351
90447035653583048166039774219893059083 115066743137875011764059910923852951521 123892045618291033774412520966322186124 19908073140445090721204059115115686691
172031408054867877266012350379083178562 26295357555712919311978434805725427688 191291245129314260155263728012137279125 32014318326381953682648428210766885910
39297492197379342557925397510469842056 100462517879537038193292079088603121230 41137757729354837089050061550961378675 39269478273332448793334315585202628274
190736024082481274103957346019474174757 143765811935543111271238551739591224282 73009891476866316670285737275730062635 17353565127909569835529773790184519613
81472162677430944882005314774378233546 195997814844294770479889960605536255920 171293247660386663151842069459877864723 200008039098688583102763402398954250044
66067212931723492644736513539945459193 12602551071190507752462435635868405396 68408162932907558849444363763762812556 144229571108400769784653783450012178514
68128687754886408871525578773118261508 133121446592467868935287473989556177023 39633600137791846576657286276723226732 8368141727657389620193422972701510101
17660601475010434094334163034808754763 93731899166661287578442786248832523467 22656984620240755533896531089223681047 23241118417438202428436960965192892936
182617898733470453916625480810870672259 195371146965550874912208844100676004654 196701535460773786520930253891794508852 59518319331077551485707912997900385477
76933241258663585256610842331646624078 44489603412717834465718284352392689088 145906869518302279121785674926008058634 82378587266381403498264256058293122903
85577029528162054817390520831213179780 109314905439693468629080533184493719844 94959168016933732965196077353399314537 41927317913031282548087467497777367002
203989848753334544403361746338450464409 73081603316363186989686278175705082611 39285689632783188652271718392940291543 939462406187699987504972338782297749
121989412770576250998582027158978712905 141167313836227517566878391070614279416 95523112317979499795757108976251247110 139232050391807324565268661818640221480
163227786791772119254333808222935253272 127456286556473187088918647144188954700 206201435597729200475506482464010170102 124045107109315305412926159989684657533
116495890031114538949317437592713373646 120208313236650900686477286614165752492 193764831818861397130886623546733891446 104709545267302834197818391600972681729
132978138630203672301666662485157160354 174429895561945188183719049974114443115 155424089438080399740171552567433237233 156372222228315871385933229961242362916
50045620999875720863890722801738375904 79634418833266819622628385928310704531 19754044398051773914796190336166421782 97534374609310197290043859482040468258
180770819851996541487140984439936354409 51725703385881301091473279590317109175 83847498141467668996684975887831808825 26962412759938120398630079986771928934
163744778137797800382999688449009865317 149929460795302821665948726450041295336 72025221056440507927817153860764641918 94489509901894718015654755325923948359
153013378491047247756991095918799657481 128588229217623940341634184847064338926 111443779921733945191280477085702894122 174821428546211959661206347185841559272
99904142552737366154964392648917750933 21209072469296800741831548702443113873 109990601706389146411117841535941751464 125210118377892774946640561088233393272
31601539027578273360301107971279349388 60905317891747845450259510480554115603 101152056509882548435559681376829492352 89410889079364821953250869656646806394
5165794960530578730020961050916296327 63364853408662105996175204442735520868 51492475189596266440008267034862432235 172637300835078498255260471000379731300
7006278031160998857396119258907905032 27025707837421386822899481603685320033 101678324242879269015972267194554160610 57232282035562127636224250790456056555
191837759103862463222744642651184866692 19319046011365997492605204714993349739 56989810002244492874129080839678449407 60494900099097982146639183734290974341
18995668957349443973040508565538904059 26908275008448044633902012536492816023 40858777367013965463108986217941249564 14065228650169375841176619406373336955
49140101759119011145999287138186089922 156357364972420065912519191830290088732 38250715332626332138951136452436072679 181667988212029444341923899622081488886
2922166301112498851996091497420069822 121268713439625812265827759439839438535 99318910029114158296882845360770066387 151523828955204856227988594173158137578
192358059047907086172600690332528133250 21767237618047257324517401726998467910 197313226723470404373694587009986693265 122861629193585753846921729726892466707
1724243607112560589855696883339085628 145753787264462142142638073963897002862 42243381425235079677901380729974777698 18637822952523291996068026287651956927
54265658660949821348844417091705214114 171906175246494297631300722953710369326 107580279671292722611590507959249852799 185439029146123298361592932777070920822
179058377605818433132153668925880329077 80892865607193378826727229802650279760 198345613846146428694374085473250867532 163773228830224440989327007945893452625
175760749968087203422260951120635924100 42114030992439608001584547072618253540 66839156297972672730170851800156843601 129116022789260567734948302910827303879
89342208214726260727082018348298501864 161598697180986301354165168327009948052 161543980691124233440171120316403592464 157201377620598017922996678651625660614
180973635258266796547449083358365099575 132998550454633668588714519783852103604 155090046657325509218784722080678495966 7147747611518589898521549778671354301
152351184536270618543808489068401433315 124139647735226858211214735442222175550 129010307651664670726892490806147845914 48206676148061449933793661888220747084
63652420719670104237394240188095420721 102756553448180122053442014628914516608 139927752970941170190892161702832479655 107832681241553408806487711040485060016
174928407699973393447313649244348461777 157097582331039356349493038135430127344 29592406259381895380519929770908754222 108930267831365508295923296860406563086
44631327939664167173133601289696700396 92063896085027701672918149262503045608 91052735760202760731110632648604710841 153188788759917323020711028274238446284
82752947290576370299355021968720576710 1811462811650772908200028109302303240 35765223341889803112955294075163208410 28817006041492335552205592474049901271
63358776312377565639491971428517985367 207579519861253201837273324789661297360 119052593232773198422817689748830044805 105377608138625412060040049064838766816
127263336363434142496676620871991917381 189966776664094186448577120997941370433 90342595964918710730773524008822981476 178789098534961813440026145763557054914
123111801238779149732349055885306139157 96271923201709198249737222537480435362 82651748484880037531694492380398420802 119744813997540548667425079321428755521
190657303556434389916771639726605421304 25333421553381725984350199630217866728 204115037819877790885488464623673081107 146358214368031697306972059806018586575
166775341606994867999889755001434425210 46788883150553601165744332516246954855 104771720273101557211306322672992126778 62902076302887880320468761788023094243
148460650006130892191586418980232426554 140545666327267974970351228908590080084 72426257818675126670265371490411616153 10020872272062493618430633757006623432
18328656263147478560211196017230834594 115236361803561730257392340685619105246 28336086985293425594428574233538783157 187291164691897976483219437384187641732
201664021743454661613622200599876238 131212948965892161511919595045411851118 13225470298219958719268042270181552036 59682088987159896684131625778269090209
158635920428982680381964877165040782630 107651708400845813525452852238716284369 30142480437166351579909288865648074936 172695335773070987559602883545659636943
15926951868217533646119374113588840229 103385963145246062344817285383764745536 147378150195334651412938715009626576139 15989467743418822141431070093158048447
11188776490715439075614613049078700315 80870599374755777778497195049400895555 146493998660011135553238619352139723524 42609766354707260903396645913991345693
103588605933259896213440336462900952662 149386666528853656760761221786923577188 48224744610610539571639551624479364225 58884960662810481710598180506239410435
182892956807873531198801969322942465919 107241629684642286340640316012648986799 4359259342370313897281778211409466550 151544239313830528213082669946835871561
20952925841456515172267433349316326630 11343545030946531180771095158702258112 24845270193949572295019711375566931832 160644908628487623238425770003120854834
52278429351943700170176562501692234372 108451898582440400269811397522482042983 72347937309221195619286184773128833053 162025926581183285006674270490438074165
5625159494650580576381217408106854194 177339575815705663279281768729110008177 636762966221538758321700313101109944 33708049738188141979056129518122131080
29442898993037197419379588499199170929 18264150147683708864515481161434348174 168232977003664043965849386080031065681 91291289543627579888004813878686012824
47867615281420544390499201825693272829 13367346855061613779309576053009633015 125542881021158352749972111220474614934 96961865082873388858913410767037277662
110013379929521194814781092040740967017 203323827072614012532049503208674402361 51682121637248413794323155373641540013 30111336855770208340844350098704308733
43780982894539477857335970761112423248 18738029210665886902424407551995700023 4506652697141356009099197243101639557 155418201969554437767358723527361704749
165048888727389472562785160117012980513 46184209637271906663767922142847614789 172089734148573456806699724181923773375 73877527409094765675351178150154880446
39407595320889274684204432388573910701 135522010360038420026641201888038798246 47939134415563227246841966883829083053 191561230982179006340450420598590412268
141064531954538460886425583346277882184 94904085697993743020680729330180396055 166207482088636570545826542759444907919 14840073166303324183841606706042844783
107165882942174482432083634438365839327 102710802555745936364046002488073972381 181640059762824105121292345912919956912 158185445301778888973047242905612792810
173600509908540368091558829016304623755 36456284989902810301428169226320736653 36897923554721951627389848848529841789 97941277045514823071943563221013757068
205099464481631771810784309897704394656 82724845221544962852584585933110427399 21731981746892841701407814969919386743 116917858997858836408951995268966457222
152861200353304794532241107856117753685 45614223280242136439051669664544091992 58047159842928748420380831888539635656 131032433456682746191497780187035417402
132044155973183314935719909631944244079 27979562163906760068643928454994716649 84880902485772239551229667953862315924 77613619624617579532440043998052668032
22421647340028766410898985660590641380 29913146762759819467877347781798245222 87591296028752419293055442233607316212 146805342997819168113822175840760189878
49927381491218839748246125219127484066 110616673394109889605408722005387950438 90092619345793495260475221809659601865 146531951549804152015701144320560714184
205918467235289044928044602325083307212 80015629440619879023077869621261804012 114827495487634576549412049690218410770 120108071531572132853070003939566784313
58641884460470671105995576115939303075 53035239559065660297737994532811088396 135352199466785770038305091591057281853 23645430988811167259350033224492062146
45688752137190325023029561736938066758 174414394690423030563913140651079794319 26942494893384025607505841655265452951 11162500055541540093871706726760894201
41562295255452741020683584757241391621 163777636219949103473490400067072515901 28194352657261244885017373139975208868 120879261471751076393687775513833029984
29242577251550874995204376016083179004 62536392199921784437434715004502133766 12880515006788315791119266648450977664 92514919726511288835300601954489626807
195184169317879240972777125104510103270 101503356908252001324958678473907103268 193009556397740125550392228070060272077 125040563282585303744140903278400444697
145567880406298035081591685558057056362 191262031585959667970046397880095894379 168180038370558029859511749546790267636 105199123395984564844923561301116347382
113228196500246928737104274432326395863 158397166256967669724187291675138970622 176266319318154823441738672872140521087 30268493719444148240562249457756507960
92330094294524919459253290586059094414 178243578468584277631339004428276752650 147749961314156101274720713379426597906 121662312368453726387917596243493309872
45878297169562519035871801388957768126 105157185939470139749030997114961080542 110391770592560662586535861742817169041 13074992984163882357784007549863967472
71403267382705440173777693898813814943 206032808994832660410633457638076087417 117541606901167983814152765678798146823 164074245661014483112908831530355967607
175265386596740873277386528397682929586 95523735217047568561552895216356918660 162737123829594143539001646180878616354 104613718294949742057739730963173009977
164934818113840771801432946986045474714 103871517254996905551249741626761389194 206980353449624014653464277782706849308 189250578710330313646860270801135094690
102263324598130070414883881452129228237 28434960666665853631914539953480061425 102768437209421211615567264094904658742 194998999273722641915321019302739043421
92017580734179732693706428975557932154 9444441188412206025004512338406838715 208110729147157803320714486086087703414 13985122547020358853068409924751260692
108427752496417851394643563235136677513 9609690516046186583987403422391132433 91393213781349537804601874436192469224 123747084484668870146782802416006086361
106271909660227706060216572972962572600 55217901475499519944556463646051221574 42749230412617497525242144027036928312 120642538200724543192535096696314890009
36615264972000594345870572300747305828 127211175776583696842509214529927289087 173141507550510982433899362023308642890 118423450094840095190464505769351301607
51111435212711679759123047146472469870 132000869168179419769680198949741139495 129612258166105674305277754559196961087 157324289103750499552984567048416020727
118677130590138300507398289195075136621 79529284519525666621073960334977073798 34775838938542773437506680424031682106 8203625229651048100260357336445942119
41606042966803243559337891521508083961 172598509477258780240036504346419323217 122677515877181947043382055266909433191 40076520334033621833458270786756618271
154470430173747137084090637094438744438 122780783629424472862780304917733779609 107131767214975450093252279645529813350 132243666896151006064041951860110541370
154198171153529143849705042323817468302 60921387166103605677497585043219456791 141552916643906593245638361095897501219 17169825266846621049614113771467747561
84446492518174449328028976154975329711 125144143947001057509709056298860766111 188368969338047437440131061324049200449 172007796277595867260951012514361369917
103035615760030074973877107211087381527 26005479011748348503227730796397238910 15864187524033033987530784139898127179 20315913670404191561914931946694062025
151810487153299168946223778745133328045 120182973709670785666987064433613438667 72695348532995083537781080987498793120 141722492204559085732333371260145288931
189730854589215848349174977260973485210 204049968219542926849163760185278634667 124849073133812744665356247631654028093 152161300856546043418304275580968058476
141573900366766347703510271864865700359 27533286824285233211567166599613376803 9513027433116064960071227485052966742 133103891857353910677446299266124009181
3056761883148509983648880951731428401 89151512911230972297695048495075216613 93591802392886862878446699627360257201 28852697117308478031362938947208676903
146680952127956593128698914954463681728 21732878973742239491290484907889435359 62962903474013360945743429523857898725 57587145168540188087378967215157779345
37881159232425992938738112061402961305 17486752180327965632381253631277351325 15226325458939922712947824982071717741 163701510797608679053479517643581603241
63578816137125059385480999112156933741 38161801205840599889906651664438574821 204422579498971281018184225840588321805 181929509799606841718390070510645910499
154063877667630581350937814977691549926 143480290233686509349707021652929105618 154811039312379359157218403145380404296 52859738741087020799042648496425794206
198487488314269398641850688934335997717 32222441731564422819071804714515290059 107859978694209294995808222318396476226 13640009191717551153441051103392548781
131159212044823753980102318727965364703 337525533248617885298752127303902723 183388004217301940124863096890402554233 57335722735682103214556673286342304046
157728510813561358758552095666279112339 67531397933516493160426371898778843564 170461717602122783231405365102984864494 126114337259217402608729646852995121255
123683225569849904525418426035184448580 51419397796099651789893842282280575610 209276753657469074107244053797047322581 130632154036997138481551416118826256735
47569313688493088245343405955560383972 6253699992109773915480883172909120436 1679150032249848291698411544747118272 156898451491730455578066661364337095691
24674596966972874882593417106775203291 53260006051077835530248548685448918682 32897509013919222982218544262421211689 102472890190791484697427299170123708951
55127677641476218682672246969333958616 164197918365742232685499976501969561337 123942004901039821117497928133532730689 128858757939762429789626410694280140951
110015980052054626761046140095944600943 6022778897063959384502175767547867872 20948640718719682074786639671527591217 201056655091642066981330621193715063512
76079650337957028980090307351611667503 77014158056884435435828693363704618235 147425553865897351320692770757703354089 135303975055649238510291486467486439255
62147172858899405007429388160582111894 43106742762295681945069877301968495696 127220883784446295646129596513930792312 174022790887180093860992965986738256547
176579321626579255513409489854505517613 48552432059994081024834759795085985313 51597343342467777124116145804160066959 149527295789475445520479999382414601903
133264304395189328095064207680331529280 185722340860920141746320089013625523476 65001404488388809171362506363693818392 192442523809903308490977291962736238571
46858682716325501037913433941696778076 70580258660369809089228169339827846333 161512856976380243008177375359022586995 182207152834253353741712622012878863527
194888081875551792654912790209762599024 181190534533589582862728771018257482746 63798649730768376039568504274922600513 204248288594066800041609248309008379428
92352854034629530319449064250869608270 23058321257780957674748227242470629482 155138929027922768745668164883376028676 11208918267394276063005524262210318424
108925042970149947328045609702015064850 142641010081054201990467710622857018829 105436200209889324814280509548744601975 155320685329380957428954741208443010638
8357888307765050242546359942362938361 172950033335033573889222151551724786928 161849226026383264611521574685796176912 144973885184038334593227055006672412959
124317396969838255937820482528503785596 151628312919947446724302170407033573323 174307646918473991732677024042076536627 105904827224655967212635193094779386087
152195186868423297451031511246532507658 42134054426409900170430637659582831696 107109638927990463241794170946323879726 178143754162046641570871554008798325334
123335000351758460260666541304725023259 45767474809338388640580461364058597529 172710677806712866852986173290864103057 106137715982507815260563755360747126396
142666427004235776313707938596286915743 203169732549525462329000670857399353134 67194504789274615191099876706618718169 206174680571402411112009235539124410553
24701367307643270894921434558585215936 10880157130770712778406124393249509194 7188480591181847907067564537793943551 15968697096579052935937352828421516482
75466415064546426343283328729890287686 24850628868467659196952319905683036356 206302181918409738441417881764472773528 194709393183469930328278019491160615068
135427486236709455624879083427330490416 68404830197212061413757578324253252803 163971892239752122501942615043426883051 20149946989806984676321812015037853284
97817270834737417588846091512243440862 161178278369713173604364557808193909766 86953630045187677939076429707189630739 177839089486273031215905663023702409270
134050839706179560377972048652460689090 91369634817110157326266036923872769205 185618387615701700557869673441381427944 138729524573269604314000973284005582075
123635935032882199938832992049834161747 88033526191654978254783720357244111700 178421490090616147059337996878190621033 93660170040046028354074646347664259383
67389170324901629811847939945760374224 165419202702487174727676177929652360184 177790992422256713036886421607548242778 123456663469405118938260403600757653839
144605596618201798389520818650915681047 125790523379707330799833005028201145451 121036419851210345739402295600384595323 113486430914326628386829093755311352416
22843859656331265727001279632381363198 99463614259863295940867100601228982459 156286322903173999156872668715656513364 14421109882240710958951756607801763976
51774408575073242153663507742298894393 56698700059497493056662252827114363771 47277219653378953371766491001150618174 129817304991718089916328147648482626900
186093469981145268084849188103548842538 24771877052777883570097893348377739370 84894556373983349603269844158526325201 169358046617132924120432530723624073319
205702611889589639566397432831597322813 173103347968320027828850860899120780820 105433623482306048943693643747976719446 124026621649970918734222210496798367276
24743675323296884236759876673594301183 83189914315589297408406720423851678439 44007978636248045736127270845462340663 84974614312863237196266309391714927540
163108397066435490219757154906103649074 48788649322043733038039975900593376385 63876032556888329235625946327208146845 3241591239186736638940012505886788876
29106959373401337255557312453432298979 161164640236793174195130561711765495873 40551392854458402061234411774828336144 167681579394466660721802859989705424731
12173479175114908071483027944456663854 57271562434023910100645907943024072217 182508593821719980800966433770944876531 5474387052134162029648507924184362957
45793141949695365179939469700366575287 161799498602148075698417592221126463723 67834972545475290510496923104438317146 108505545293618784327478706452036970082
199717656284897042406979425549745429777 64457860861600156785084349475793099228 72740613998465183577754922352132160240 170395422501421640154970676078500538212
146801397500730316798214622439951147611 62915150828230347465434847025403601495 149707415541221337940759956660559695107 75259491186454000423451597388696085352
80507304726819627975473103963393338284 190363804411025481029101893965244129091 204641753567367317064625092306879973657 181582389734926385604142929148901150996
162296933312790487084079059813763161360 200136474704675289834504035617748906189 52301145954042993837167221818086121765 15305352303121873125510203356175628272
130316232381872687888096241044330541652 5830734483852647042516108200364276356 22184074441199375705527003103201634527 198164931651591842966815756256415219509
43116201795388270324921751870406411490 151823573540945848391353202195712939474 182597811676862134435573541868330351947 183810223655959889162122027305037256798
38835151494393311204735718842638716649 178332614264971404735401877487453584585 120479250401271305756251069950560875192 50183985078494939335768969719309732922
27977762282489313476425533343394212686 101280682239398113743884014095857868051 94254415455980494363235206149680004106 88047267259245564649269375313196851201
158169333519804874469500052969678540337 147787116360140457269761976038812367349 197093467651551554419030513778478915661 86967560566930259777882079315150145864
58306488269385333538375502044332218277 133042919683964384100018661932023848854 135050442183913374221214668509121018597 114187183473365601291026577925514874832
16756156714671000151418544238576046669 197254332361295578556826139598793447698 150115686561626970752249699635636523970 51814253880585574436028393733985964521
203384202648840518145290464856141193472 29701238536461577460718911398004530899 99342075051473975232781561652607080864 111699037294201056874326285481965972920
86326912417099525835075185037796826119 186260615498638397227088733289972583142 2601616205044021439259828537449245289 156090135758879099296100083893230046077
122397551451560751046405632020766127070 58655699381583593002124004177181930265 139255758696968756313253874336366824662 109919311512859682427185181109332901514
189581974712358590301398700861351379510 192000030780706077255747630054435906387 29366081682751099445259206363415789927 104836713044052455845098579991646956785
199185214167036255443138504090678917977 69452747865192143636130476931354367540 200685146419906167389567624766157899478 206531632895743326473128239593763557858
168173459874333607224843785236841204029 194545555792573132195919717034785838584 132338516463283437285361210337947042530 141572465592974153917535453520451684276
126920859928331648633094747775645438666 44238740923141070157461989975086443752 13719864975589438017033040171811587688 66527478943581029285646263832944071900
55393746971547662927123518724257016442 27328221983780565975817215070030488710 44265527771830595075344970907044978865 59077547349292105134405356137159079083
149895717875357089352540248970385894904 22299373960165790968080065807633130801 156599859291073431727712363881893119966 29819313925916049881967116953350511987
189797092992585160828542823582404571945 59926468654256785551266873377348611904 30088725334279643690301923101252546210 66540202139861622021507377402544753963
186250002479201955279927628388370188377 61050205342593927859550336262597914136 178576368210924047477142119674615352210 136849336135848876169727580300984148385
204121048289320658584843662134997021855 134416966342619413921208800341428308146 153522778022929352266851648335342500786 46789170834889416184458070592629922715
52013498062316551550406979688696757123 184980617034200751188511499709956669499 80334010264521867626627370228955086686 87389616214398400109284681175581794521
142543218151829819842242985133047689272 28220648622653227751815810624091094689 194237617966820770221432679820983928 100503566797053743943583149653284574008
123792047507460834499624028176356322553 101312779859472695728807273301717729784 110280865285437554953374811335406760914 39792647926513216545350205939070495440
50322073216149815447846986104046628819 28944841334394992178640738127650849295 166797228058517444399697376310648496662 73732252012826859825120514646720183015
27859440911673891514420716381160664516 53482156805643958113875623483142726796 91286143826167444316323843840921760205 141943638571342862497055769369574035273
24115779906039284141277828803119471831 161918555141130046782423633640421758860 129138137118021294540051794543700130239 35735256030364257774980242665627306665
114237053173509731465565730814705520815 157035785122049448453591167627321178372 7191612047353169575400567488385694218 134178868639327517910171101378928685454
56725083694719630955721664858475752839 60510567414064024780199132559428648825 129210548059861954128340782493094987374 165398045965484065922049509246453996751
173122098230922154483529245567453382373 181902202708507294534187279067206670800 204013241294018696539693427736168253895 174509960997572675518491360232600371672
65569388905071316043617701837709480498 160557921184995253189199899600092986406 31092656293373783670365024796193078652 192995049133508361393325495241312175352
43901144021876559316892755461788575664 125578678582069995278021512887847006722 37185313614617369673054327051594857199 21124527202903775982375849252144868129
91157441746992797762169116624489517245 48916578228015201541000564251266413246 64605914251874081962502152886183762945 99287422914697275759830159550767731400
67739024912106798336076298559966580744 174112740287821446919180102998181617792 41688099984899329395228235203029018848 184230394014840497563965024870211939354
135045076634744170179793606748765698248 54389774131938906974777942941985643714 203609951719908348223291496931733011907 34636181650386707896160922368562871970
97888598759598543174216500085287079444 24820984106432518771994815771424785016 203628358398981393651967404046059556326 58314708091475555004011284721783732229
86232013027436907670761990209319736612 103160382058728918134465501647454298176 204332051956844716914068893107828859491 98684550654635103577875383479873029204
82920730827083307446590763253593375628 4052752772608932030012755389800644408 52717657042927456722670529182915458181 96890230198538279807381520444419265107
144649651396380142229323584317638026314 54570560861354143426108281015642462329 73900991255900592476513343289102235811 197888836183665687300898937172991104023
85328427190902421578850449983923431660 59867889964613042102495904773452461865 12966155003848415363206001447579876753 49406185940694408681985602513630995962
209172097071662056991463818690560868760 102635556546433342944443276696646770296 78261197178645993171129382405754547263 32072057658563387235241117217864410943
78430385381676324249477810511965203801 20871606292850382182068150970499305800 44814891665726704047370942208438835544 47433156592254274095402232680333156943
177831807840870407661126568082199277162 31243538170799540203378638724982719310 16472329210548244315185145957633280803 193078127702768165898914854671728941233
4081084462053536981607550173154459335 47214609783022855451433364561831281169 192352368074661983179944705672047448542 11041943061967847238412182580055334692
186987927175936224199432258202079476051 177039172366863218481367678494332208898 204803464879603687559135175725524287675 88162532176019943901650166046914769191
4825960365912870148934543977015204255 79170810999604166141229108625340833005 135484613891975360534413984247477366211 201418752173920353417085404364265067129
125003305086960607470674420651700311959 164070376505456909165006870979815154622 1811002046281721873730565077554239925 146833863613681024275288953233936277441
86937973055454680424572326254124818676 166104160783752269801883675560933264186 135167974500916507145244963721053235365 209407081576871985378020489732624531921
95431148712331701597174222139540322058 32357220416123785817268277607010967331 11516638373570223773878191045025468344 57688490197656893967382176886503561093
4190288593591594135016799435619167233 104580853441097728618600142230293133791 207925828642837219193500091934913389261 111972288399979274704271262254557628355
76052940649762360715858565368015753948 83883139411887175101810544030315419685 56546757237727434620739974248860868489 117483270773724561554482194947723423413
159384921198726035949158720301289843416 71110542182272891993212493018168561928 171300877929368461928520421987591486751 95750718404595150812617537149407962115
46459397396934693283617168647484963157 37591570165596408643249238338357952476 130089559015531662010871521801340430030 15851222060289010762611228973852726991
115484870493841207096254601078907061795 16593087436940956809351282296253177443 206269825010118003273852594694723286992 154404023811415182635701541312205106498
182349305211222237606635562757215957318 20090149516126707351126373538269369568 123529862066464205990175354765138299198 83497989462813298292428192974815370350
40644632019633819796416721870889043259 22544405354473218835083660732476714516 69424862118275725064966493866956941294 164392667993172554185585349628770811698
118918932061767277153018577772650500728 99146019404490707735411480538688707168 88845409244178044811927692731418840026 43345695161926211795674442088547931511
182721252463600570423021339232968336546 64921510569486783393681270676731263949 169140090196576580300459127616248936350 103951744536888424762696726043232232784
105908873473553253494858646798277209178 42912800754882996858805794533443862941 163204945757392204822849429310647752227 57848753763266231250663699239071944034
154608284972095637215393104365849092261 11893198553047363088483444437878009462 106479205600023128341809625760997009581 123707423620329080045139328241019148966
198142871408936463705781675688994860929 37553107084579231073674426344782963804 29390988103907793309430738070222759429 180124878545509794045196315966227264243
96250357010325690404726635180864263944 58983566462315484754105860332206880398 184016202421434109794142990350004222300 187523123949879721678358486230595248904
186692898425353154497774235584724268660 1665656526400966814872385068729413043 199220111982001972880092472873449161481 77075824478577744872553347658366517748
167813576334490399501747176354417631610 25655919973519470659023258134981889476 93844810125300896286621715565570841800 170393336889932537697812851554779438336
189058981678413393371941781738337866172 19126265066072453007843364770014206682 6426630375249660605792211531480342866 16424630190587666848105882090961500313
100904483581049178505012784088318691243 77834023903509651731178735546413275243 106079505517358299783166978605377659110 91790001485457946477999902995912150417
128347583757892065746966127103507832275 177798403751004999057542981911621013490 188232112753911485084035500163950842991 185100497256189348637596693538419593418
134055358821474813066901960300545577793 96280506048966827042678703366088299173 172439646705512789874217203939579103657 50555093276294630959095028324352096629
93227794424396570988044262438663343952 129899268404740827628427688649433017429 172218257941276808198351647969218311187 15153306769390035119407972287348450901
